0 0.819672131147541 0.6382063882063882 0.23278688524590163 0.29606879606879605
0 0.5836065573770491 0.5638820638820639 0.21967213114754097 0.32186732186732187
0 0.36311475409836064 0.8083538083538083 0.48032786885245904 0.3808353808353808
0 0.27049180327868855 0.5841523341523341 0.3344262295081967 0.3157248157248157
0 0.4360655737704918 0.4514742014742015 0.13442622950819672 0.16584766584766583
0 0.544672131147541 0.37285012285012287 0.0959016393442623 0.12407862407862408
0 0.6643442622950819 0.42997542997543 0.14508196721311475 0.16953316953316952
0 0.7024590163934427 0.35687960687960685 0.18360655737704917 0.11916461916461916
0 0.8262295081967214 0.8832923832923832 0.3442622950819672 0.23095823095823095
0 0.2122950819672131 0.43857493857493857 0.2540983606557377 0.14742014742014742
0 0.5459016393442623 0.26842751842751844 0.13442622950819672 0.05528255528255528
0 0.4668032786885246 0.2622850122850123 0.0860655737704918 0.04791154791154791
