0 0.47890625000000003 0.634375 0.2265625 0.3145833333333333
0 0.8054687500000001 0.5895833333333333 0.32343750000000004 0.2
0 0.875 0.428125 0.23750000000000002 0.09791666666666667
0 0.6515625 0.4395833333333333 0.171875 0.10833333333333334
0 0.71640625 0.3677083333333333 0.1265625 0.06041666666666667
0 0.503125 0.3729166666666667 0.096875 0.08333333333333333
0 0.375 0.440625 0.171875 0.10208333333333333
0 0.28984375 0.3677083333333333 0.1171875 0.052083333333333336
0 0.1203125 0.4375 0.22187500000000002 0.11666666666666667
0 0.21015625000000002 0.59375 0.2578125 0.2
