0 0.8675 0.23 0.13833333333333334 0.23714285714285716
0 0.7050000000000001 0.3314285714285714 0.12666666666666668 0.21714285714285714
0 0.5808333333333334 0.40714285714285714 0.09833333333333334 0.19142857142857142
0 0.4191666666666667 0.48 0.07500000000000001 0.13714285714285715
0 0.36333333333333334 0.4942857142857143 0.06333333333333334 0.13714285714285715
0 0.31333333333333335 0.5014285714285714 0.05 0.12285714285714286
0 0.2566666666666667 0.5114285714285715 0.05666666666666667 0.09714285714285714
0 0.18333333333333335 0.5214285714285715 0.06333333333333334 0.08857142857142856
0 0.12083333333333333 0.5214285714285715 0.06166666666666667 0.07714285714285714
0 0.055 0.4857142857142857 0.03666666666666667 0.09714285714285714
0 0.7208333333333333 0.56 0.3416666666666667 0.49714285714285716
0 0.26166666666666666 0.9257142857142857 0.19 0.16
0 0.11916666666666667 0.9371428571428572 0.09166666666666667 0.11428571428571428
