0 0.7285714285714286 0.6971544715447155 0.18171428571428572 0.2601626016260163
0 0.5462857142857144 0.644308943089431 0.18057142857142858 0.21138211382113822
0 0.31428571428571433 0.6941056910569107 0.19885714285714287 0.233739837398374
0 0.3982857142857143 0.5416666666666667 0.10400000000000001 0.16869918699186995
0 0.5217142857142858 0.4735772357723578 0.13371428571428573 0.11788617886178863
0 0.6737142857142857 0.5010162601626017 0.09714285714285716 0.1361788617886179
0 0.8234285714285715 0.5264227642276423 0.14057142857142857 0.13414634146341464
0 0.8628571428571429 0.42174796747967486 0.08685714285714287 0.10772357723577237
0 0.9074285714285715 0.34756097560975613 0.08 0.06504065040650407
0 0.9405714285714286 0.3109756097560976 0.0662857142857143 0.04471544715447155
0 0.8365714285714286 0.3201219512195122 0.059428571428571435 0.05081300813008131
0 0.8057142857142858 0.3577235772357724 0.05485714285714286 0.05691056910569106
0 0.7434285714285714 0.4237804878048781 0.09028571428571429 0.07113821138211383
0 0.6211428571428572 0.3953252032520326 0.09714285714285716 0.06707317073170732
0 0.5228571428571429 0.38008130081300817 0.08114285714285716 0.052845528455284556
0 0.35485714285714287 0.3973577235772358 0.09257142857142858 0.08333333333333334
0 0.22971428571428573 0.5071138211382115 0.14400000000000002 0.1361788617886179
0 0.11028571428571429 0.43800813008130085 0.10857142857142858 0.11991869918699188
0 0.24285714285714288 0.3821138211382114 0.07200000000000001 0.08536585365853659
0 0.17085714285714287 0.3465447154471545 0.09028571428571429 0.05081300813008131
0 0.07428571428571429 0.3109756097560976 0.096 0.10162601626016261
0 0.17885714285714288 0.2682926829268293 0.07428571428571429 0.04878048780487805
0 0.24400000000000002 0.29471544715447157 0.07428571428571429 0.04878048780487805
0 0.3165714285714286 0.28252032520325204 0.059428571428571435 0.03658536585365854
0 0.3605714285714286 0.2672764227642277 0.028571428571428574 0.034552845528455285
0 0.39942857142857147 0.2733739837398374 0.04685714285714286 0.03861788617886179
0 0.40171428571428575 0.22357723577235775 0.04228571428571429 0.03658536585365854
0 0.35314285714285715 0.22662601626016263 0.036571428571428574 0.030487804878048783
0 0.28914285714285715 0.22052845528455287 0.05028571428571429 0.034552845528455285
0 0.6714285714285715 0.34451219512195125 0.08800000000000001 0.09146341463414635
0 0.7445714285714287 0.32621951219512196 0.07657142857142858 0.05487804878048781
0 0.7771428571428572 0.2774390243902439 0.05485714285714286 0.03861788617886179
0 0.7114285714285715 0.27845528455284557 0.04685714285714286 0.04065040650406505
0 0.5862857142857143 0.3252032520325204 0.06857142857142857 0.04878048780487805
0 0.6142857142857143 0.2764227642276423 0.051428571428571435 0.04471544715447155
0 0.5908571428571429 0.22357723577235775 0.04114285714285715 0.04878048780487805
0 0.6628571428571429 0.22052845528455287 0.04114285714285715 0.042682926829268296
0 0.5097142857142858 0.2855691056910569 0.06857142857142857 0.05081300813008131
0 0.44971428571428573 0.3485772357723578 0.056 0.08333333333333334
