0 0.49875 0.808125 0.26083333333333336 0.30125
0 0.5395833333333334 0.63375 0.18416666666666667 0.23500000000000001
0 0.3458333333333334 0.531875 0.12000000000000001 0.16625
0 0.15000000000000002 0.67375 0.21166666666666667 0.2775
0 0.03333333333333333 0.3875 0.06333333333333334 0.0775
0 0.025 0.33125 0.04166666666666667 0.0375
0 0.07458333333333333 0.361875 0.050833333333333335 0.051250000000000004
0 0.14166666666666666 0.37625000000000003 0.06166666666666667 0.06
0 0.18541666666666667 0.374375 0.037500000000000006 0.04875
0 0.36541666666666667 0.366875 0.04083333333333333 0.04875
0 0.38708333333333333 0.465625 0.09416666666666668 0.13375
0 0.915 0.81125 0.16666666666666669 0.2625
0 0.84375 0.618125 0.15583333333333335 0.20625000000000002
0 0.9466666666666668 0.514375 0.06666666666666667 0.07875
0 0.7958333333333334 0.530625 0.10666666666666667 0.13625
0 0.8770833333333334 0.45375 0.060833333333333336 0.06
0 0.9491666666666667 0.43875000000000003 0.06166666666666667 0.0475
0 0.9179166666666667 0.411875 0.0425 0.03875
0 0.85375 0.426875 0.052500000000000005 0.06375
0 0.7741666666666667 0.46187500000000004 0.08666666666666667 0.09875
0 0.7370833333333334 0.4025 0.03416666666666667 0.04
0 0.6608333333333334 0.42375 0.035 0.0825
0 0.62875 0.43 0.029166666666666667 0.0925
0 0.5841666666666667 0.48125 0.09166666666666667 0.1
0 0.5012500000000001 0.436875 0.07416666666666667 0.11125
0 0.49250000000000005 0.35875 0.02 0.0275
0 0.4591666666666667 0.359375 0.021666666666666667 0.02125
