0 0.6829353932584269 0.6495227995758219 0.5021067415730337 0.35737009544008486
0 0.7945926966292135 0.2730646871686108 0.12991573033707865 0.07104984093319194
0 0.28441011235955055 0.3472958642629905 0.04915730337078651 0.045599151643690355
0 0.26825842696629215 0.3361611876988335 0.0351123595505618 0.03817603393425239
0 0.40625 0.38282078472958647 0.08918539325842696 0.06574761399787911
0 0.38237359550561795 0.36161187698833513 0.07514044943820225 0.05090137857900319
0 0.4901685393258427 0.27677624602332984 0.046348314606741575 0.042417815482502653
0 0.5874297752808989 0.29427359490986216 0.07654494382022471 0.06256627783669141
0 0.45224719101123595 0.44273594909862146 0.11376404494382023 0.06680805938494168
0 0.49894662921348315 0.46871686108165433 0.12991573033707865 0.09544008483563098
0 0.543188202247191 0.5153764581124073 0.14536516853932585 0.09119830328738071
0 0.21629213483146068 0.6081654294803818 0.19241573033707865 0.13467656415694593
0 0.2148876404494382 0.5519618239660659 0.15308988764044942 0.10074231177094381
0 0.20997191011235955 0.5090137857900319 0.14325842696629212 0.08271474019088018
0 0.2285814606741573 0.46288441145281023 0.10603932584269662 0.04135737009544009
0 0.2050561797752809 0.45015906680805945 0.12078651685393257 0.06680805938494168
0 0.20470505617977527 0.42364793213149526 0.10884831460674158 0.045599151643690355
0 0.199438202247191 0.39978791092258753 0.0997191011235955 0.03817603393425239
0 0.17450842696629212 0.3610816542948039 0.03581460674157303 0.02651113467656416
0 0.8785112359550562 0.3308589607635207 0.1404494382022472 0.1293743372216331
0 0.5997191011235955 0.38706256627783675 0.056179775280898875 0.04029692470837752
